35 38
6 7
24 31 5 5 0 4 0 4 0 4 4 0 4 4 0 0 0 0 0 2 2 2 2 2 0 0 0 0 0
24 26 5 5 0 4 0 2 0 0 4 2 2 0 0 4 2 0 0 4 4 2 2 2 0 0 0 0 0
19 28 5 5 0 0 0 0 0 4 4 4 4 0 0 0 0 4 0 2 2 0 4 0 0 2 0 4 0
19 23 5 5 0 1 0 1 0 1 1 0 1 1 0 0 0 0 0 2 2 2 2 2 0 0 0 0 0
20 19 4 4 0 0 0 0 4 4 4 4 2 2 2 2 0 0 0 0
19 16 5 3 0 4 0 0 4 0 0 4 4 0 2 2 0 2 0
5 5 0 1 0 2 0 0 1 2 2 0 0 1 2 0 0 1 1 2 2 2 0 0 0 0 0
5 5 0 3 0 2 0 0 3 2 2 0 0 3 2 0 0 3 3 2 2 2 0 0 0 0 0
3 3 0 2 0 0 2 0 0 2 0
5 5 0 1 0 4 0 1 1 0 4 0 0 0 0 4 0 1 1 0 4 0 0 1 0 4 0
4 4 0 0 1 0 1 1 1 0 0 4 4 4 0 4 0 0
3 3 0 1 0 1 1 4 0 0 4
4 4 0 0 0 0 4 4 4 4 2 2 2 2 0 0 0 0
