25 29
14 5
9 9 3 5 0 0 3 2 0 3 3 3 2 2 0 0 0 0 0
4 10 5 5 0 2 0 2 0 0 2 0 2 0 2 2 0 2 2 0 3 3 3 0 0 3 0 3 0
0 9 4 4 1 0 0 1 0 0 0 0 0 0 0 0 4 0 0 4
7 15 3 5 0 0 0 0 0 4 4 1 1 1 0 4 1 0 0
10 15 4 4 0 0 1 0 4 4 1 0 0 4 1 1 0 4 0 0
7 20 5 5 0 0 0 0 0 1 1 1 1 0 0 0 0 1 0 4 4 0 1 0 0 4 0 1 0
8 4 3 5 3 2 0 0 3 3 2 2 2 3 3 0 0 2 3
12 22 5 5 0 1 0 2 0 1 1 0 2 0 0 0 0 2 0 1 1 0 2 0 0 1 0 2 0
11 6 3 3 0 3 3 1 1 0 0 1 0
13 19 3 3 1 2 1 2 2 2 1 2 1
4 5 4 4 2 0 0 4 0 0 0 0 0 0 0 0 2 0 0 4
16 19 3 3 3 2 3 2 2 2 3 2 3
14 5 4 4 0 0 1 0 2 2 1 0 0 2 1 1 0 2 0 0
15 9 5 5 0 1 0 1 0 1 1 0 1 1 0 0 0 0 0 3 3 3 3 3 0 0 0 0 0
5 5 0 0 3 0 0 1 1 3 3 3 0 1 0 0 0 1 1 3 3 3 0 0 3 0 0
5 3 0 4 0 0 4 0 0 4 0 0 4 4 0 0 0
3 3 0 1 0 1 1 4 0 0 4
4 4 0 0 0 0 3 3 3 3 2 2 2 2 0 0 0 0
3 3 0 1 0 1 1 3 0 0 3
