25 17
6 5
6 9 5 5 0 4 0 2 0 0 4 2 2 0 0 4 2 0 0 4 4 2 2 2 0 0 0 0 0
3 7 3 5 1 4 0 0 1 1 4 4 4 1 1 0 0 4 1
6 14 5 3 1 1 1 0 2 2 0 2 0 2 2 0 1 1 1
0 12 5 5 0 0 3 0 0 1 1 3 3 3 0 1 0 0 0 1 1 3 3 3 0 0 3 0 0
3 2 5 5 0 1 0 0 0 0 1 1 1 1 0 2 2 2 0 0 2 0 2 2 0 2 0 0 0
11 11 5 5 0 1 0 1 0 0 1 1 1 0 4 4 0 4 4 0 4 0 4 0 0 4 0 4 0
5 5 0 0 4 0 0 1 1 4 4 4 0 1 0 0 0 1 1 4 4 4 0 0 4 0 0
4 4 0 4 2 0 4 4 2 2 2 2 4 4 0 2 4 0
5 5 0 3 0 2 0 0 3 2 2 0 0 3 2 0 0 3 3 2 2 2 0 0 0 0 0
3 3 0 1 0 1 1 4 0 0 4
5 5 0 3 0 2 0 3 3 0 2 0 0 0 0 2 0 3 3 0 2 0 0 3 0 2 0
